37.871171, -122.267718
31.049274, -87.47984
37.863611, -122.317566
37.87718, -122.258706
37.867259, -122.26324
37.89961, -122.271107
37.866919, -122.258812
37.873687, -122.268616
37.869186, -122.283943
37.857387, -122.261536
37.853436, -122.280884
37.869096, -122.270137
37.873687, -122.268616
37.873089, -122.304616
37.869057, -122.270463
37.867852, -122.258699
37.863369, -122.257622
37.871246, -122.274991
37.857409, -122.268473
37.868512, -122.26781
37.873639, -122.27064
37.872104, -122.289812
37.863143, -122.266681
37.868512, -122.26781
37.88177, -122.271663
37.853554, -122.276925
37.871828, -122.270516
37.866513, -122.27474
37.866761, -122.258779
37.878407, -122.267962
37.891214, -122.282158
37.865868, -122.251595
37.855053, -122.286577
37.864473, -122.298905
37.866037, -122.265618
37.871167, -122.268285
37.853216, -122.281082
37.855793, -122.281493
37.875391, -122.271141
37.862405, -122.29242
37.867176, -122.267802
37.857409, -122.268473
37.852155, -122.28661
37.873687, -122.268616
37.871167, -122.268285
37.892624, -122.268437
37.870396, -122.281585
37.871246, -122.274991
37.863611, -122.317566
37.857054, -122.271393
37.869363, -122.268028
37.871167, -122.268285
37.853552, -122.291561
37.850899, -122.276174
37.861645, -122.253508
37.866761, -122.258779
37.898645, -122.280593
37.865535, -122.255235
37.869165, -122.250162
37.867948, -122.250664
37.876961, -122.26559
37.867513, -122.26127
37.864238, -122.265263
37.870112, -122.26797
37.853089, -122.266212
37.86814, -122.263736
37.853552, -122.291561
37.866253, -122.299483
37.855435, -122.259841
37.864238, -122.265263
37.879165, -122.302305
37.873017, -122.275481
37.858132, -122.277595
37.847682, -122.279381
37.858483, -122.253191
37.867708, -122.250801
37.86939, -122.267883
37.869096, -122.270137
37.875189, -122.294176
37.880163, -122.30676
37.853665, -122.252715
37.882934, -122.260724
37.863811, -122.267412
37.875142, -122.280314
37.864124, -122.250282
37.878312, -122.306543
37.858392, -122.275421
37.868714, -122.259189
37.873025, -122.275438
37.856111, -122.260248
37.862927, -122.258784
37.864258, -122.272202
37.873025, -122.275438
37.881003, -122.293212
37.859416, -122.281846
37.865002, -122.258751
37.873687, -122.268616
37.853552, -122.291561
37.870867, -122.270635
37.857409, -122.268473
37.863072, -122.260352
37.868512, -122.26781
37.878986, -122.277231
37.874554, -122.296319
37.858079, -122.268016
37.868142, -122.296589
37.864257, -122.286413
37.853552, -122.291561
37.866924, -122.283899
37.868204, -122.270054
37.861118, -122.259948
37.862225, -122.273895
37.849321, -122.27977
37.861057, -122.276171
37.871246, -122.274991
37.848152, -122.275807
37.857054, -122.271393
37.871167, -122.268285
37.853552, -122.291561
37.869363, -122.268028
37.888784, -122.266699
37.869363, -122.268028
37.873327, -122.273214
37.866327, -122.263359
37.872989, -122.268532
37.881957, -122.269551
37.857216, -122.285202
37.877548, -122.26271
37.8647, -122.260693
37.897731, -122.271759
37.867122, -122.298639
37.86939, -122.267883
37.872468, -122.286902
37.871828, -122.270516
37.887213, -122.278387
37.853626, -122.254874
37.869625, -122.265892
37.864908, -122.267289
37.853085, -122.281368
37.871884, -122.27763
37.868655, -122.288064
37.852211, -122.286336
37.858079, -122.268016
37.868164, -122.256314
37.867545, -122.251966
37.868532, -122.274764
37.868161, -122.291751
37.869096, -122.270137
37.876384, -122.282714
37.85444, -122.296619
37.869041, -122.292204
37.867708, -122.250801
37.855678, -122.274429
37.871167, -122.268285
37.856755, -122.255248
37.871013, -122.296366
37.870639, -122.272468
37.857452, -122.259548
37.868714, -122.259189
37.871167, -122.268285
37.869944, -122.300636
37.865134, -122.258331
37.857409, -122.268473
37.888512, -122.266746
37.89651, -122.264319
37.874771, -122.262116
37.856111, -122.260248
37.880786, -122.303067
37.865748, -122.253396
37.862927, -122.258784
37.871901, -122.268389
37.850345, -122.270911
37.854933, -122.2875
37.871901, -122.268389
37.854747, -122.280361
37.868714, -122.259189
37.868194, -122.276063
37.871167, -122.268285
37.86695, -122.286984
37.870308, -122.26805
37.869506, -122.288561
37.869096, -122.270137
37.865002, -122.258751
37.873687, -122.268616
37.857495, -122.275256
37.848606, -122.279588
37.865466, -122.27005
37.850345, -122.270911
37.863959, -122.267432
37.870867, -122.270635
37.869506, -122.288561
37.88015, -122.297446
37.877528, -122.275956
37.880262, -122.295809
37.8549, -122.27945
37.865002, -122.258751
37.866231, -122.291299
37.871268, -122.30106
37.857788, -122.249754
37.86939, -122.267883
37.86939, -122.267883
37.881435, -122.289994
37.850541, -122.286037
37.867742, -122.249044
37.869363, -122.268028
37.861991, -122.294394
37.880262, -122.295809
37.872231, -122.29677
37.869839, -122.252365
37.869057, -122.270463
37.853445, -122.269611
37.877715, -122.309618
33.19339, -87.577459
37.853576, -122.287202
37.883529, -122.259884
37.871167, -122.268285
37.868714, -122.259189
37.852871, -122.26799
37.880548, -122.258099
37.868512, -122.26781
37.865501, -122.269774
37.876881, -122.266666
37.880262, -122.295809
37.876881, -122.266666
37.867491, -122.254053
37.867852, -122.258699
37.864826, -122.260719
37.857409, -122.268473
37.870592, -122.286613
37.869642, -122.287492
37.883285, -122.274145
37.871268, -122.30106
37.895404, -122.258667
37.858525, -122.266906
37.871246, -122.274991
37.868714, -122.259189
37.87783, -122.299723
37.868785, -122.272701
37.872776, -122.28448
37.8704, -122.292644
37.868845, -122.29214
37.868714, -122.259189
37.871181, -122.295211
37.868714, -122.259189
37.868845, -122.29214
37.891214, -122.282158
37.869944, -122.300636
37.886086, -122.266573
37.871167, -122.268285
37.871167, -122.268285
37.867717, -122.249901
37.86939, -122.267883
37.856335, -122.277333
37.875391, -122.271141
37.882157, -122.270745
37.867566, -122.265948
37.857099, -122.263785
37.870652, -122.27958
37.868714, -122.259189
37.884927, -122.248499
37.853232, -122.280493
37.869186, -122.283943
37.873201, -122.267444
37.880227, -122.26936
37.887213, -122.278387
37.869058, -122.270455
37.866952, -122.29505
37.867972, -122.263699
37.873327, -122.273214
33.195409, -87.577471
33.50596, -86.90405
37.869944, -122.300636
37.876307, -122.268923
37.853552, -122.291561
37.866327, -122.263359
37.870538, -122.297407
37.877022, -122.285086
37.859988, -122.253339
37.871828, -122.270516
37.859006, -122.277874
37.858525, -122.266906
37.867176, -122.267802
37.868204, -122.270054
37.863773, -122.283034
37.867212, -122.281739
37.853554, -122.276925
37.859906, -122.284931
37.854536, -122.266403
37.892875, -122.268748
37.873687, -122.268616
37.878599, -122.304755
37.871167, -122.268285
37.851653, -122.289193
37.863099, -122.288255
37.85968, -122.255796
37.870308, -122.26805
37.894702, -122.275053
37.875189, -122.294176
37.864908, -122.267289
33.185346, -87.577438
37.85492, -122.279323
37.863353, -122.272097
37.856132, -122.271292
37.863045, -122.317348
37.873687, -122.268616
37.871167, -122.268285
37.8549, -122.27945
37.863072, -122.260352
37.868714, -122.259189
37.890247, -122.272578
37.85274, -122.283711
37.857651, -122.288388
37.852174, -122.267824
37.870308, -122.26805
37.867717, -122.249901
37.867513, -122.26127
37.865149, -122.256487
37.873639, -122.27064
37.869363, -122.268028
37.871171, -122.267718
37.859988, -122.253339
37.854552, -122.281843
37.876549, -122.290899
37.857856, -122.279721
37.871167, -122.268285
37.898435, -122.285626
37.858759, -122.264112
37.868622, -122.240214
33.200189, -87.57746
37.88015, -122.297446
37.871167, -122.268285
37.868667, -122.313656
37.876881, -122.266666
37.869151, -122.291342
33.185346, -87.577438
37.872563, -122.284648
37.867852, -122.258699
37.853603, -122.283961
37.863611, -122.317566
37.876596, -122.267789
37.8667, -122.267614
37.868845, -122.29214
37.872104, -122.289812
37.872463, -122.273117
37.85488, -122.269079
37.854272, -122.268418
37.871167, -122.268285
37.858433, -122.280183
37.879499, -122.260811
37.878963, -122.293446
37.871828, -122.270516
37.866037, -122.265618
37.867212, -122.281739
37.867601, -122.267718
37.871246, -122.274991
33.57254, -89.323432
37.859259, -122.275787
33.57254, -89.323432
37.87757, -122.280562
37.882016, -122.281271
37.872563, -122.284648
37.868714, -122.259189
37.865169, -122.272303
37.872847, -122.282313
37.850927, -122.231766
37.859988, -122.253339
37.869363, -122.268028
37.865121, -122.258455
37.861078, -122.289632
37.853862, -122.285654
37.8523, -122.270047
37.869096, -122.270137
37.868845, -122.29214
37.867852, -122.258699
37.871167, -122.268285
37.878963, -122.293446
37.855435, -122.259841
37.859988, -122.253339
37.865205, -122.272027
37.868714, -122.259189
37.854612, -122.281178
37.868512, -122.26781
37.890927, -122.287278
37.869784, -122.286394
37.871901, -122.268389
37.858079, -122.268016
37.857951, -122.271494
37.871167, -122.268285
37.869031, -122.256611
37.879333, -122.274968
37.867852, -122.258699
37.880564, -122.304896
37.900934, -122.267684
37.877393, -122.301918
37.8659, -122.251095
37.898024, -122.269917
37.853552, -122.291561
37.869488, -122.289522
37.869096, -122.270137
37.867708, -122.250801
37.856111, -122.260248
37.865491, -122.310065
37.867176, -122.267802
37.878963, -122.293446
37.878423, -122.269023
37.861718, -122.254748
37.871713, -122.282185
37.865491, -122.310065
37.857921, -122.247552
37.857694, -122.281628
37.878629, -122.260883
37.875426, -122.278057
37.865491, -122.310065
37.857694, -122.281628
37.853203, -122.279642
37.869363, -122.268028
37.881004, -122.283225
37.869944, -122.300636
37.895404, -122.258667
37.858156, -122.254397
37.869839, -122.252365
37.868714, -122.259189
37.880266, -122.269032
37.874489, -122.271072
37.869058, -122.270455
37.867513, -122.26127
37.87783, -122.299723
37.863646, -122.262822
37.867717, -122.249901
37.873908, -122.290025
37.869363, -122.268028
37.855509, -122.291368
37.856134, -122.270198
37.867271, -122.298682
37.862966, -122.274361
37.890029, -122.27672
37.851503, -122.278518
37.891428, -122.27819
37.868714, -122.259189
37.871213, -122.275266
37.873687, -122.268616
37.868714, -122.259189
37.882199, -122.268386
37.858483, -122.253191
37.867852, -122.258699
37.853552, -122.291561
37.876881, -122.266666
37.879996, -122.296893
37.855523, -122.266529
37.855026, -122.266475
37.856599, -122.256451
37.866426, -122.269762
37.874441, -122.268717
37.858047, -122.245306
37.871828, -122.270516
37.871268, -122.30106
37.855435, -122.259841
37.878423, -122.269023
37.868164, -122.256314
37.867632, -122.25297
37.868722, -122.259123
37.876596, -122.267789
37.898435, -122.285626
37.879656, -122.257703
37.847889, -122.277816
37.874095, -122.288542
37.867566, -122.265948
37.88878, -122.267659
37.857637, -122.266803
37.895331, -122.256613
37.869363, -122.268028
37.862994, -122.289129
37.856111, -122.260248
37.881957, -122.269551
37.855435, -122.259841
37.870236, -122.292591
37.869535, -122.296988
37.852764, -122.26165
37.867972, -122.263699
37.876297, -122.27124
37.873327, -122.273214
37.855925, -122.252939
37.860687, -122.26454
37.864238, -122.265263
37.863157, -122.283185
37.871167, -122.268285
33.19339, -87.577459
37.864795, -122.297863
37.882024, -122.29756
37.877663, -122.274831
37.866622, -122.26108
37.869973, -122.270557
37.867176, -122.267802
37.855935, -122.250579
37.865718, -122.302106
37.855435, -122.259841
37.870308, -122.26805
37.855026, -122.266475
37.867601, -122.267718
37.873017, -122.275481
37.863938, -122.253735
37.85491, -122.268666
37.868204, -122.270054
37.871544, -122.272714
37.870236, -122.292591
37.856595, -122.275064
37.853861, -122.26598
37.872294, -122.266852
37.890928, -122.287251
37.860926, -122.269532
37.857409, -122.268473
37.865134, -122.258331
37.871167, -122.268285
37.865002, -122.258751
37.872294, -122.266852
37.868119, -122.263888
37.868667, -122.313656
33.57254, -89.323432
37.858079, -122.268016
37.868424, -122.261451
37.853861, -122.26598
37.872431, -122.298007
37.873865, -122.268641
37.864535, -122.262993
37.871569, -122.273291
37.854612, -122.281178
37.868352, -122.254459
37.902056, -122.265288
37.869578, -122.280839
37.861645, -122.253508
37.864908, -122.267289
37.861078, -122.289632
37.861078, -122.289632
37.853382, -122.249087
37.869973, -122.270557
37.88015, -122.297446
37.878963, -122.293446
37.866037, -122.265618
37.862494, -122.278695
37.88674, -122.262299
37.867545, -122.251966
37.864908, -122.267289
37.863811, -122.267412
37.872656, -122.292748
37.864109, -122.292948
37.853576, -122.287202
37.871901, -122.268389
37.873017, -122.275481
37.869363, -122.268028
37.868512, -122.26781
37.876965, -122.260544
37.871114, -122.28825
37.8526, -122.289715
37.861991, -122.294394
37.869944, -122.300636
37.871175, -122.304755
37.866025, -122.258623
37.857041, -122.253053
37.867176, -122.267802
37.867307, -122.300468
37.854972, -122.25759
37.848259, -122.271795
37.88111, -122.262584
37.866936, -122.296218
37.869884, -122.271246
37.870948, -122.27733
37.864826, -122.260719
37.858079, -122.268016
37.876594, -122.268956
37.852237, -122.2661
37.880163, -122.30676
37.876696, -122.282465
37.862927, -122.258784
37.881003, -122.293212
37.868641, -122.29415
37.863598, -122.253693
37.853665, -122.252715
37.869973, -122.270557
37.867524, -122.258935
37.887222, -122.275833
37.869151, -122.291342
37.88241, -122.283711
37.848534, -122.272999
37.865202, -122.257795
37.884022, -122.253252
37.850434, -122.272607
37.866037, -122.265618
37.869041, -122.292204
37.871756, -122.2799
37.869685, -122.272804
37.875048, -122.260399
37.867513, -122.26127
37.869363, -122.268028
37.870236, -122.292591
37.891654, -122.264887
37.88015, -122.297446
37.866025, -122.258623
37.869363, -122.268028
37.869363, -122.268028
37.867708, -122.250801
37.869973, -122.270557
37.8523, -122.270047
37.871246, -122.274991
37.85525, -122.277126
37.877417, -122.300713
37.866761, -122.258779
37.855678, -122.274429
37.855721, -122.2559
37.870867, -122.270635
37.851653, -122.289193
37.855824, -122.25502
37.870236, -122.292591
37.869363, -122.268028
37.871246, -122.274991
37.876897, -122.28868
37.87436, -122.298387
37.865711, -122.25389
37.871828, -122.270516
37.848259, -122.271795
37.871167, -122.268285
37.880734, -122.265359
37.863522, -122.254992
37.876428, -122.291736
37.853644, -122.262046
37.859796, -122.245415
37.882038, -122.281136
37.863443, -122.256304
37.867026, -122.299737
37.869084, -122.299245
37.865491, -122.310065
37.850588, -122.271471
37.903026, -122.274123
37.8549, -122.27945
37.88362, -122.269734
37.866025, -122.258623
37.857792, -122.258537
37.871167, -122.268285
37.861677, -122.26716
37.878275, -122.288306
37.866969, -122.26553
37.872166, -122.275372
37.870308, -122.26805
37.862307, -122.245947
37.867513, -122.26127
37.868845, -122.29214
37.861718, -122.254748
37.867533, -122.291719
37.866761, -122.258779
37.866265, -122.305592
37.856132, -122.271292
37.861645, -122.253508
37.869506, -122.288561
37.868845, -122.29214
37.869058, -122.270455
37.851951, -122.286677
37.858079, -122.268016
37.856132, -122.271292
37.888237, -122.25087
37.868722, -122.259123
37.865491, -122.310065
37.864238, -122.265263
37.863369, -122.257622
37.88553, -122.280474
37.867589, -122.297553
37.852136, -122.273695
37.867513, -122.26127
37.868701, -122.252097
37.86939, -122.267883
37.868447, -122.261268
37.881142, -122.30191
37.881434, -122.272921
37.855964, -122.283114
37.869363, -122.268028
37.880227, -122.26936
37.871246, -122.274991
37.861387, -122.259001
37.865202, -122.257795
37.867176, -122.267802
37.867026, -122.299737
37.871167, -122.268285
37.868722, -122.259123
37.881957, -122.269551
37.874771, -122.262116
37.875189, -122.294176
37.869685, -122.272804
37.861078, -122.289632
37.857951, -122.271494
37.871167, -122.268285
37.859416, -122.281846
37.863522, -122.254992
37.877037, -122.278186
37.854874, -122.252835
37.870603, -122.270612
37.865748, -122.253396
37.866697, -122.289017
37.867533, -122.291719
37.878009, -122.258888
37.854629, -122.26916
37.852379, -122.266119
37.858079, -122.268016
37.868722, -122.259123
37.876339, -122.285012
37.851503, -122.278518
37.868714, -122.259189
37.881957, -122.269551
37.868957, -122.254552
37.867871, -122.26565
37.85488, -122.269079
37.863126, -122.288063
37.881957, -122.269551
37.88308, -122.274259
37.881366, -122.289688
37.880493, -122.295747
37.860552, -122.264511
37.865793, -122.301779
37.888898, -122.276336
37.868206, -122.277232
37.866025, -122.258623
37.863369, -122.257622
37.853576, -122.287202
37.871167, -122.268285
37.860225, -122.269453
37.895404, -122.258667
37.870308, -122.26805
37.862927, -122.258784
37.880227, -122.26936
37.86939, -122.267883
37.868273, -122.295963
37.870396, -122.281585
37.855798, -122.252708
37.867176, -122.267802
37.875189, -122.294176
37.876084, -122.280105
37.853552, -122.291561
37.856121, -122.26876
37.852216, -122.273012
37.867566, -122.265948
37.863963, -122.260546
37.863811, -122.267412
37.853201, -122.281394
37.848152, -122.275807
37.866265, -122.305592
37.870652, -122.27958
37.877596, -122.28657
37.869363, -122.268028
37.863443, -122.256304
37.868352, -122.254459
33.195409, -87.577471
37.867491, -122.254053
37.869685, -122.272804
37.873687, -122.268616
37.867852, -122.258699
37.857216, -122.277614
37.87091, -122.265993
37.87279, -122.26996
37.871167, -122.268285
37.867708, -122.250801
37.865172, -122.286604
37.880262, -122.295809
37.879267, -122.260988
37.869096, -122.270137
37.86939, -122.267883
37.863292, -122.256293
37.876556, -122.255875
37.85274, -122.283711
37.857246, -122.277347
33.185346, -87.577438
37.875239, -122.284712
37.868424, -122.261451
37.880262, -122.295809
37.883285, -122.274145
37.871268, -122.30106
37.881957, -122.269551
37.881957, -122.269551
37.869058, -122.270455
37.872104, -122.289812
37.863522, -122.254992
37.859309, -122.259291
37.856111, -122.260248
37.856111, -122.260248
37.873327, -122.273214
37.862994, -122.289129
37.869944, -122.300636
37.85488, -122.269079
37.864154, -122.293041
37.875575, -122.256366
37.866592, -122.297226
37.873454, -122.27209
33.19339, -87.577459
37.865002, -122.258751
37.869363, -122.268028
37.857951, -122.271494
37.879167, -122.279479
37.880652, -122.283181
37.869625, -122.265892
37.877596, -122.28657
37.893829, -122.266249
37.853665, -122.252715
37.861283, -122.273911
37.871167, -122.268285
37.882459, -122.261815
37.84905, -122.269098
37.870298, -122.275101
37.873687, -122.268616
37.876428, -122.291736
37.868714, -122.259189
37.876186, -122.30158
37.860105, -122.261901
37.867852, -122.258699
37.859309, -122.259291
37.85732, -122.284575
37.867271, -122.298682
37.88015, -122.297446
37.880021, -122.298091
37.888656, -122.280441
37.884345, -122.246827
37.870867, -122.270635
37.869057, -122.270463
37.879165, -122.302305
37.881957, -122.269551
37.866919, -122.258812
37.88024, -122.306387
37.853203, -122.279642
37.853193, -122.25834
37.871246, -122.274991
37.863369, -122.257622
37.900641, -122.269181
37.867026, -122.299737
37.861078, -122.289632
37.869944, -122.300636
37.858525, -122.266906
37.867816, -122.258994
37.868512, -122.26781
37.860017, -122.26943
37.872125, -122.28964
37.869784, -122.286394
37.872599, -122.303889
33.19339, -87.577459
37.867176, -122.267802
37.8523, -122.270047
37.871666, -122.302314
37.868655, -122.288064
37.851039, -122.252448
37.867513, -122.26127
37.870145, -122.276287
37.870308, -122.26805
37.87783, -122.299723
37.86939, -122.267883
37.898524, -122.267129
37.871689, -122.292898
37.861672, -122.255992
37.87091, -122.265993
37.857409, -122.268473
37.881201, -122.29098
37.874827, -122.275696
37.867371, -122.281755
37.876428, -122.291736
37.88015, -122.297446
37.868785, -122.272701
37.868512, -122.26781
37.880548, -122.294851
37.871167, -122.268285
37.867176, -122.267802
37.866025, -122.258623
37.86066, -122.253407
37.89925, -122.277331
37.853335, -122.27688
37.855954, -122.254022
37.853364, -122.264134
37.87533, -122.27344
37.882067, -122.296392
37.869944, -122.300636
37.86939, -122.267883
37.866288, -122.298344
37.880266, -122.269032
37.864238, -122.265263
37.871167, -122.268285
37.879708, -122.297995
37.869944, -122.300636
37.874251, -122.280203
37.866074, -122.26331
37.871167, -122.268285
37.895119, -122.261389
37.862562, -122.262598
37.865501, -122.269774
37.868103, -122.25672
37.874182, -122.265937
37.860796, -122.285111
37.872166, -122.275372
37.868957, -122.254552
37.880262, -122.295809
37.855435, -122.259841
37.881612, -122.281885
37.870867, -122.270635
37.871828, -122.270516
37.852136, -122.273695
37.880227, -122.26936
37.871311, -122.281978
37.871167, -122.268285
37.871311, -122.281978
37.864238, -122.265263
37.870054, -122.284263
37.851989, -122.267983
37.856121, -122.26876
37.877047, -122.286183
37.858079, -122.268016
37.873627, -122.277834
37.862471, -122.271904
37.868475, -122.295546
37.864257, -122.286413
37.862393, -122.248851
37.863963, -122.260546
37.868706, -122.266279
37.888237, -122.25087
37.867724, -122.298401
37.871167, -122.268285
37.865693, -122.291123
37.856195, -122.288053
37.871544, -122.272714
37.865501, -122.269774
37.878423, -122.269023
37.886772, -122.282524
37.853221, -122.280832
37.857671, -122.281895
37.861078, -122.289632
33.19339, -87.577459
37.873909, -122.268233
37.876018, -122.273517
37.868352, -122.254459
37.868722, -122.259123
37.853203, -122.279642
37.875738, -122.275607
37.865868, -122.251595
37.851263, -122.252477
37.888072, -122.272344
37.873921, -122.275577
37.879996, -122.296893
37.863611, -122.317566
37.869363, -122.268028
37.869784, -122.286394
37.871246, -122.274991
37.870882, -122.278667
37.870603, -122.270612
37.850676, -122.270799
37.853665, -122.252715
37.900641, -122.269181
37.867566, -122.265948
37.878722, -122.295312
37.868785, -122.272701
37.868512, -122.26781
37.879521, -122.280882
37.869363, -122.268028
37.872691, -122.270741
37.857409, -122.268473
37.868714, -122.259189
37.871167, -122.268285
37.876333, -122.278118
37.851176, -122.253096
37.855671, -122.262461
37.868103, -122.25672
37.881098, -122.261415
37.875324, -122.292268
37.853552, -122.268286
37.876045, -122.260336
37.869363, -122.268028
37.862777, -122.276571
37.870112, -122.26797
37.865918, -122.280793
37.859854, -122.255807
37.865328, -122.285336
37.867835, -122.291645
37.871828, -122.270516
37.871171, -122.267718
37.871167, -122.268285
37.86695, -122.286984
37.860768, -122.278249
37.862334, -122.264828
37.876307, -122.268923
37.877548, -122.26271
37.857743, -122.288545
37.864768, -122.301615
37.870867, -122.270635
37.8609, -122.241211
37.868667, -122.313656
37.869973, -122.270557
37.866037, -122.265618
37.85948, -122.266689
37.867717, -122.249901
37.8598, -122.264351
37.861991, -122.294394
37.869944, -122.300636
37.860189, -122.294048
37.871268, -122.30106
37.891102, -122.265854
37.885752, -122.27805
37.860926, -122.269532
37.867383, -122.293938
37.866508, -122.261057
37.868164, -122.256314
37.868204, -122.270054
37.853715, -122.274214
37.881142, -122.30191
37.880564, -122.304896
37.859854, -122.255807
37.866622, -122.26108
37.863292, -122.256293
37.864258, -122.272202
37.860605, -122.247246
37.855411, -122.266516
37.865711, -122.25389
37.861843, -122.269644
37.869973, -122.270557
37.867717, -122.249901
37.869096, -122.270137
37.863143, -122.266681
37.855293, -122.266502
37.880227, -122.26936
37.874872, -122.282359
37.853203, -122.279642
37.873687, -122.268616
37.858759, -122.248521
37.867176, -122.267802
37.877548, -122.26271
37.861677, -122.26716
37.85488, -122.269079
37.87436, -122.298387
37.867513, -122.26127
37.867513, -122.26127
37.868785, -122.272701
37.853715, -122.290786
37.891102, -122.265854
37.869041, -122.292204
37.867513, -122.26127
37.865772, -122.267643
37.850175, -122.293099
37.868667, -122.313656
37.868722, -122.259123
37.865501, -122.269774
37.861929, -122.276345
37.885266, -122.259534
37.866842, -122.27366
37.868574, -122.270415
37.853723, -122.259975
37.866594, -122.287944
37.867601, -122.267718
37.858079, -122.268016
37.879996, -122.296893
37.853552, -122.291561
37.871167, -122.268285
37.871901, -122.268389
37.854747, -122.280361
37.852956, -122.266195
37.873687, -122.268616
37.857409, -122.268473
37.871167, -122.268285
37.865002, -122.258751
37.876897, -122.28868
37.852211, -122.286336
37.879709, -122.280817
37.881957, -122.269551
37.894495, -122.265523
37.882067, -122.296392
37.871171, -122.267718
37.881957, -122.269551
37.850367, -122.272807
37.88588, -122.253359
37.863811, -122.267412
37.872106, -122.268405
37.865149, -122.256487
37.881957, -122.269551
37.865002, -122.258751
37.855435, -122.259841
37.858079, -122.268016
37.870417, -122.292485
37.868714, -122.259189
37.871268, -122.30106
37.873885, -122.266332
37.857409, -122.268473
37.871901, -122.268389
37.869839, -122.252365
37.865134, -122.258331
37.858783, -122.248189
37.860993, -122.262105
37.874427, -122.285938
37.853552, -122.291561
37.872691, -122.270741
37.868714, -122.259189
37.876428, -122.291736
37.872104, -122.289812
37.869691, -122.27849
37.869148, -122.252312
33.19339, -87.577459
37.869524, -122.27965
37.869041, -122.292204
37.866919, -122.258812
37.868204, -122.270054
37.878915, -122.303521
37.860334, -122.280567
37.870639, -122.272468
37.863272, -122.258656
37.875189, -122.294176
37.867271, -122.298682
37.858079, -122.268016
37.869057, -122.270463
37.874575, -122.284796
37.878112, -122.269114
37.88024, -122.306387
37.855982, -122.272388
37.870236, -122.292591
37.868447, -122.261268
37.855435, -122.259841
37.868722, -122.259123
37.870652, -122.27958
37.858079, -122.268016
37.862494, -122.278695
37.86939, -122.267883
37.861645, -122.253508
37.865991, -122.249582
37.863443, -122.256304
37.877323, -122.264273
37.876307, -122.268923
37.87783, -122.299723
37.868204, -122.270054
37.864925, -122.273436
37.869839, -122.252365
37.872106, -122.268405
37.865772, -122.267643
37.850345, -122.270911
37.872599, -122.303889
37.864826, -122.260719
37.882217, -122.302226
37.880266, -122.269032
37.870867, -122.270635
37.875339, -122.258289
37.869096, -122.270137
37.8647, -122.260693
37.879679, -122.273638
37.855294, -122.292475
37.876084, -122.280105
37.870298, -122.275101
37.880334, -122.27627
37.858079, -122.268016
37.870396, -122.281585
37.865772, -122.267643
37.870308, -122.26805
37.87039, -122.28811
37.871593, -122.279879
37.865793, -122.301779
37.880262, -122.295809
37.856595, -122.275064
37.853089, -122.266212
37.870652, -122.27958
37.870911, -122.289684
37.878797, -122.294284
37.874095, -122.288542
37.870603, -122.270612
37.871246, -122.274991
37.878024, -122.30798
37.871828, -122.270516
37.857409, -122.268473
37.867336, -122.269876
37.868194, -122.276063
37.874145, -122.266225
37.864108, -122.259461
37.856876, -122.264826
37.868714, -122.259189
37.868785, -122.272701
37.864101, -122.25956
37.870948, -122.27733
37.856078, -122.279311
37.873089, -122.304616
37.856181, -122.25973
37.876549, -122.290899
37.876644, -122.299354
37.874827, -122.275696
37.868714, -122.259189
37.867176, -122.267802
37.867271, -122.298682
37.862781, -122.269376
37.871167, -122.268285
37.869058, -122.270455
37.880262, -122.295809
37.876897, -122.28868
37.868447, -122.261268
37.848259, -122.271795
37.881003, -122.293212
37.883608, -122.285672
37.868878, -122.300284
33.19339, -87.577459
37.861843, -122.269644
37.866426, -122.269762
37.869944, -122.300636
37.871828, -122.270516
37.902056, -122.265288
37.871167, -122.268285
37.878722, -122.295312
37.85488, -122.269079
37.867176, -122.267802
37.88015, -122.297446
37.856134, -122.270198
37.85583, -122.27339
37.85736, -122.290804
37.869363, -122.268028
37.899985, -122.265733
37.848259, -122.271795
37.86331, -122.316113
37.867176, -122.267802
37.871167, -122.268285
37.884163, -122.265236
37.865002, -122.258751
37.866622, -122.26108
37.87493, -122.301147
37.863679, -122.26963
37.899211, -122.264973
37.865748, -122.253396
37.868714, -122.259189
37.859195, -122.261915
37.866037, -122.265618
37.858165, -122.255687
37.873687, -122.268616
37.878713, -122.266855
37.85488, -122.269079
37.8549, -122.27945
37.867176, -122.267802
37.854085, -122.28162
37.856367, -122.234607
37.872992, -122.295801
37.868512, -122.26781
37.866842, -122.27366
37.876594, -122.268956
37.87718, -122.258706
37.868641, -122.29415
37.887747, -122.264514
37.896472, -122.285175
37.878819, -122.290993
37.896558, -122.285222
37.846373, -122.272844
37.868714, -122.259189
37.896472, -122.285175
37.869944, -122.300636
37.896648, -122.277424
37.887886, -122.263359
37.855435, -122.259841
37.880564, -122.304896
37.860993, -122.262105
37.870652, -122.27958
37.868957, -122.254552
37.865491, -122.310065
37.875553, -122.290549
37.866936, -122.296218
37.866174, -122.26454
37.868714, -122.259189
37.873687, -122.268616
37.868714, -122.259189
37.858518, -122.288665
37.867852, -122.258699
37.874251, -122.280203
37.875391, -122.271141
37.868512, -122.26781
37.864411, -122.290705
37.868512, -122.26781
37.868352, -122.254459
37.867491, -122.254053
37.865711, -122.25389
37.883035, -122.276003
37.87091, -122.265993
37.891654, -122.264887
37.869506, -122.288561
37.862393, -122.248851
37.875661, -122.290594
37.868785, -122.272701
37.850345, -122.270911
37.868119, -122.263888
37.869506, -122.288561
37.867122, -122.298639
37.882067, -122.296392
37.858079, -122.268016
37.854286, -122.271015
37.871167, -122.268285
37.874025, -122.268666
37.858079, -122.268016
37.858483, -122.253191
37.871167, -122.268285
37.871828, -122.270516
37.863811, -122.267412
37.867852, -122.258699
37.857694, -122.281628
37.852683, -122.276556
37.870603, -122.270612
37.878562, -122.267976
37.853552, -122.291561
37.877625, -122.294534
37.868682, -122.272691
37.875707, -122.275816
37.869363, -122.268028
37.868447, -122.261268
37.855703, -122.28218
37.852136, -122.273695
37.857592, -122.269186
37.867601, -122.267718
37.867176, -122.267802
37.891332, -122.279975
37.868845, -122.29214
37.866724, -122.288804
37.886772, -122.282524
37.853626, -122.254874
37.859259, -122.275787
37.876954, -122.28049
37.871828, -122.270516
37.855389, -122.264552
37.85488, -122.269079
37.865501, -122.269774
37.869506, -122.288561
37.855435, -122.259841
37.862562, -122.262598
37.853665, -122.252715
37.879656, -122.257703
37.860796, -122.285111
37.881957, -122.269551
37.854215, -122.269167
37.873327, -122.273214
37.866761, -122.258779
37.871167, -122.268285
37.858483, -122.253191
37.860225, -122.269453
37.858079, -122.268016
37.865439, -122.295736
37.859195, -122.261915
37.865501, -122.269774
37.866253, -122.299483
37.865535, -122.255235
37.87644, -122.257023
37.863823, -122.252575
37.871901, -122.268389
37.868204, -122.270054
37.870308, -122.26805
37.85583, -122.27339
37.857781, -122.286577
37.867271, -122.298682
37.856132, -122.271292
37.879708, -122.297995
37.869151, -122.291342
37.883078, -122.26164
37.871167, -122.268285
37.873687, -122.268616
37.857409, -122.268473
37.867117, -122.283641
37.879921, -122.271646
37.859889, -122.278167
37.864768, -122.301615
37.863077, -122.267191
37.853665, -122.252715
37.848259, -122.271795
37.871013, -122.296366
37.857409, -122.268473
37.869944, -122.300636
37.862521, -122.246049
37.857937, -122.24328
37.881957, -122.269551
37.875657, -122.288727
37.871167, -122.268285
37.850106, -122.273827
37.876649, -122.2927
37.864535, -122.262993
37.871901, -122.268389
37.870924, -122.277518
37.861645, -122.253508
37.869488, -122.289522
37.871167, -122.268285
37.873025, -122.275438
37.867259, -122.26324
37.870396, -122.281585
37.881957, -122.269551
37.862494, -122.278695
37.860172, -122.282847
37.85922, -122.289035
37.865729, -122.260903
37.880262, -122.295809
37.868424, -122.261451
37.866969, -122.26553
37.867852, -122.258699
37.860225, -122.269453
37.867176, -122.267802
37.878797, -122.294284
37.875142, -122.280314
37.872467, -122.273053
37.881957, -122.269551
33.195409, -87.577471
37.871167, -122.268285
37.868785, -122.272701
37.865826, -122.267244
37.855925, -122.252939
37.871607, -122.284336
37.867708, -122.250801
37.872059, -122.27307
37.872104, -122.289812
37.869944, -122.300636
37.882067, -122.296392
37.865149, -122.256487
37.853862, -122.285654
37.8647, -122.260693
37.869685, -122.272804
37.868512, -122.26781
37.861591, -122.254736
37.882294, -122.284835
37.85491, -122.268666
37.88024, -122.306387
37.86727, -122.291472
37.876084, -122.280105
37.880564, -122.304896
33.567449, -89.313139
37.856335, -122.277333
37.872691, -122.270741
37.881957, -122.269551
37.871167, -122.268285
37.863369, -122.257622
37.855053, -122.286577
37.88022, -122.285639
37.859988, -122.253339
37.867176, -122.267802
37.870112, -122.26797
37.873687, -122.268616
37.863811, -122.267412
37.858483, -122.253191
37.880245, -122.296973
37.877548, -122.26271
33.57254, -89.323432
37.901384, -122.276783
37.87247, -122.273021
37.867816, -122.258994
37.858867, -122.278992
37.865491, -122.310065
37.8647, -122.260693
37.88022, -122.285639
37.852422, -122.278571
37.85488, -122.269079
37.876965, -122.260544
37.852348, -122.271972
37.874489, -122.271072
37.889612, -122.27017
37.851944, -122.28349
37.873454, -122.27209
37.867708, -122.250801
37.857409, -122.268473
37.85583, -122.27339
37.888843, -122.254155
37.871544, -122.272714
37.865501, -122.269774
37.857409, -122.268473
37.857409, -122.268473
33.57254, -89.323432
37.870112, -122.26797
37.869096, -122.270137
37.863963, -122.260546
37.86939, -122.267883
37.877891, -122.299419
37.86542, -122.25618
37.887747, -122.264514
33.19339, -87.577459
37.880262, -122.295809
37.854021, -122.273207
37.848259, -122.271795
37.870584, -122.272908
37.851107, -122.28324
37.852211, -122.286336
37.869363, -122.268028
37.868714, -122.259189
37.865002, -122.258751
37.859889, -122.278167
37.870867, -122.270635
37.863598, -122.253693
37.868714, -122.259189
37.868355, -122.274953
37.853603, -122.283961
37.858079, -122.268016
37.889989, -122.252226
37.856132, -122.271292
37.8523, -122.270047
37.871311, -122.281978
37.85491, -122.268666
37.869973, -122.270557
37.871167, -122.268285
37.869944, -122.300636
37.854972, -122.25759
37.864535, -122.262993
37.879188, -122.276107
37.856595, -122.275064
37.862189, -122.25991
37.867724, -122.298401
37.862494, -122.278695
37.869151, -122.291342
37.878173, -122.264359
37.868447, -122.261268
37.863938, -122.253735
37.882943, -122.279383
37.852422, -122.278571
37.882957, -122.289458
37.867176, -122.267802
37.88015, -122.297446
37.868714, -122.259189
37.867852, -122.258699
37.865374, -122.256511
37.865121, -122.258455
37.872059, -122.27307
37.863522, -122.254992
37.869301, -122.290136
37.871544, -122.272714
37.867566, -122.265948
37.855954, -122.254022
37.857781, -122.286577
37.893696, -122.281105
37.867176, -122.267802
37.850175, -122.293099
37.868447, -122.261268
37.858608, -122.259302
37.865202, -122.257795
37.867717, -122.249901
37.869363, -122.268028
37.879781, -122.269181
37.869506, -122.288561
37.864826, -122.260719
37.847838, -122.275741
37.863272, -122.258656
37.865002, -122.258751
37.867271, -122.298682
37.856902, -122.261236
37.878407, -122.267962
37.874182, -122.265937
37.873351, -122.287274
37.868714, -122.259189
37.855814, -122.262486
37.869363, -122.268028
37.873687, -122.268616
37.865156, -122.296756
37.891332, -122.279975
37.872691, -122.270741
37.861107, -122.289485
37.852066, -122.29388
37.887741, -122.254539
37.87551, -122.291424
37.884534, -122.254906
37.864238, -122.265263
37.869096, -122.270137
37.863369, -122.257622
37.873025, -122.294652
37.869363, -122.268028
37.856948, -122.293014
37.890274, -122.260794
37.867972, -122.263699
37.8549, -122.27945
33.186933, -87.577433
37.863977, -122.267307
37.874844, -122.282552
37.853554, -122.276925
37.871167, -122.268285
37.858079, -122.268016
37.877232, -122.271244
37.868512, -122.26781
37.869625, -122.265892
37.868714, -122.259189
37.873921, -122.275577
37.870948, -122.27733
37.863126, -122.288063
37.851039, -122.252448
37.869096, -122.270137
37.869973, -122.270557
37.867036, -122.265808
37.868714, -122.259189
37.87872, -122.304517
37.866936, -122.296218
37.870948, -122.27733
37.878489, -122.280522
37.887948, -122.272338
37.853552, -122.291561
37.857995, -122.284729
37.868893, -122.286229
37.869314, -122.2981
37.862086, -122.281175
37.871171, -122.267718
37.878373, -122.262902
37.858392, -122.275421
37.859988, -122.253339
37.864897, -122.288672
37.871246, -122.274991
37.880891, -122.290189
37.856111, -122.260248
37.868893, -122.286229
37.864535, -122.262993
37.868714, -122.259189
37.851944, -122.28349
37.871078, -122.26898
37.856595, -122.275064
37.876297, -122.27124
37.871167, -122.268285
37.890716, -122.268299
37.861645, -122.253508
37.88619, -122.279993
37.854857, -122.262314
37.863353, -122.272097
37.880564, -122.304896
37.852136, -122.273695
37.853552, -122.291561
37.880227, -122.26936
37.873118, -122.28903
37.862927, -122.258784
37.873687, -122.268616
37.849099, -122.275932
37.870417, -122.292485
37.867717, -122.249901
37.853221, -122.280832
37.864258, -122.272202
37.87091, -122.265993
37.900641, -122.269181
37.869151, -122.291342
37.856121, -122.26876
37.866037, -122.265618
37.858427, -122.282485
37.869973, -122.270557
37.871901, -122.268389
37.866508, -122.261057
37.870298, -122.275101
37.879781, -122.269181
37.858079, -122.268016
33.19339, -87.577459
37.855832, -122.272369
37.881957, -122.269551
37.858433, -122.280183
37.869921, -122.294825
37.875189, -122.294176
37.868512, -122.26781
37.865141, -122.265441
37.871175, -122.304755
37.854629, -122.26916
37.868714, -122.259189
37.881366, -122.289688
37.868913, -122.28608
37.881592, -122.299755
37.872106, -122.268405
37.869137, -122.250908
37.857409, -122.268473
37.870145, -122.276287
37.864535, -122.262993
37.853203, -122.279642
37.849668, -122.270978
37.86939, -122.267883
37.869312, -122.254314
37.883404, -122.263439
37.86549, -122.295702
37.869096, -122.270137
37.865156, -122.296756
37.855964, -122.283114
37.868706, -122.266279
37.848259, -122.271795
37.849732, -122.276144
37.865711, -122.25389
37.898747, -122.266109
37.855435, -122.259841
37.853875, -122.260048
37.8667, -122.267614
37.869973, -122.270557
37.869186, -122.283943
37.861387, -122.259001
37.882067, -122.296392
37.868512, -122.26781
37.88015, -122.297446
37.855678, -122.274429
37.870213, -122.293749
37.856421, -122.239768
31.044384, -87.479737
37.872166, -122.275372
37.866622, -122.26108
37.85062, -122.278313
37.866936, -122.296218
37.878489, -122.280522
37.876881, -122.266666
37.85274, -122.283711
37.857387, -122.261536
37.869363, -122.268028
37.901928, -122.270672
37.85525, -122.277126
37.854442, -122.277107
37.855435, -122.259841
37.865202, -122.257795
37.856755, -122.255248
37.851078, -122.268789
37.875707, -122.275816
37.869096, -122.270137
37.898524, -122.267129
37.867513, -122.26127
37.863598, -122.253693
37.871246, -122.274991
37.878599, -122.304755
37.866405, -122.272443
37.868785, -122.272701
37.865991, -122.249582
37.850681, -122.270619
37.85525, -122.277126
37.872725, -122.277729
37.891332, -122.279975
37.897731, -122.271759
37.869944, -122.300636
37.852066, -122.272994
37.873976, -122.282257
37.880467, -122.27869
37.852155, -122.28661
37.863443, -122.256304
37.88024, -122.306387
37.880027, -122.279976
37.863679, -122.26963
37.853289, -122.278942
37.891868, -122.272031
37.864258, -122.272202
37.850345, -122.270911
37.876594, -122.268956
37.878173, -122.264359
37.854286, -122.271015
37.873885, -122.266332
37.868714, -122.259189
37.89927, -122.26512
37.873687, -122.268616
37.864238, -122.265263
33.57254, -89.323432
37.850899, -122.276174
37.866739, -122.267299
37.863379, -122.28494
37.871167, -122.268285
37.863811, -122.267412
37.849814, -122.281093
37.873865, -122.300777
37.871167, -122.268285
37.904154, -122.272662
37.871167, -122.268285
37.852066, -122.272994
37.866037, -122.265618
37.849814, -122.281093
33.57254, -89.323432
37.860745, -122.27096
37.849445, -122.282725
37.855435, -122.259841
37.855815, -122.280413
37.873017, -122.275481
37.866761, -122.258779
37.855026, -122.266475
37.873865, -122.268641
37.861283, -122.273911
37.86549, -122.295702
37.873687, -122.268616
37.865711, -122.25389
37.874575, -122.284796
37.864101, -122.25956
37.869151, -122.291342
37.857409, -122.268473
37.873687, -122.268616
37.868714, -122.259189
37.871884, -122.27763
37.87091, -122.265993
37.869041, -122.292204
37.8689, -122.2679
37.866375, -122.27016
37.881957, -122.269551
37.853467, -122.256168
37.85488, -122.269079
37.867336, -122.269876
37.856078, -122.279311
37.867852, -122.258699
37.865849, -122.259977
37.868714, -122.259189
37.867176, -122.267802
37.868706, -122.266279
37.876961, -122.26559
37.854536, -122.266403
37.869151, -122.291342
37.870592, -122.286613
37.865793, -122.301779
37.853552, -122.291561
37.869363, -122.268028
37.863611, -122.317566
37.867708, -122.250801
37.857409, -122.268473
37.881957, -122.269551
37.867513, -122.26127
37.866074, -122.26331
37.89759, -122.260784
37.870236, -122.292591
37.865002, -122.258751
37.882957, -122.289458
37.863945, -122.294086
37.868058, -122.278332
37.866568, -122.254084
37.848152, -122.275807
37.857661, -122.259521
37.869058, -122.270455
37.882067, -122.296392
37.874094, -122.299649
37.870867, -122.270635
37.869884, -122.271246
37.867545, -122.251966
37.860732, -122.291369
37.854629, -122.26916
37.871167, -122.268285
37.869685, -122.272804
37.855964, -122.283114
37.869506, -122.288561
37.882199, -122.268386
37.856111, -122.260248
37.868532, -122.274764
37.864908, -122.267289
37.867176, -122.267802
37.855954, -122.254022
32.690018, -115.493329
37.867176, -122.267802
37.871167, -122.268285
37.871167, -122.268285
37.849814, -122.281093
37.857216, -122.277614
37.855293, -122.266502
37.85344, -122.269181
37.867491, -122.254053
37.85583, -122.27339
37.860172, -122.282847
37.869625, -122.265892
37.855793, -122.281493
33.566478, -89.315971
37.860225, -122.269453
37.865868, -122.251595
37.873017, -122.275481
37.880227, -122.26936
37.85948, -122.266689
37.853316, -122.278738
37.865868, -122.251595
37.896688, -122.27456
37.878112, -122.269114
37.854186, -122.279157
37.850345, -122.270911
37.868722, -122.259123
37.869944, -122.300636
37.850345, -122.270911
37.864124, -122.250282
37.876867, -122.298294
37.882524, -122.282132
37.858392, -122.275421
37.858392, -122.275421
37.858888, -122.264137
37.880245, -122.296973
37.859309, -122.259291
37.865002, -122.258751
37.865772, -122.267643
37.871689, -122.292898
37.880027, -122.279976
37.879921, -122.271646
37.875189, -122.294176
37.876881, -122.266666
37.872166, -122.275372
37.871167, -122.268285
37.85274, -122.283711
37.88698, -122.249247
33.195409, -87.577471
37.865002, -122.258751
33.19339, -87.577459
37.865002, -122.258751
37.868063, -122.249976
37.89316, -122.283937
37.850636, -122.280622
37.869312, -122.254314
37.873687, -122.268616
37.876897, -122.28868
37.875426, -122.278057
37.854186, -122.279157
37.88362, -122.269734
37.868512, -122.26781
37.879004, -122.279384
37.862763, -122.262639
37.872106, -122.268405
37.871167, -122.268285
37.868667, -122.313656
37.873687, -122.268616
37.867106, -122.286054
37.871271, -122.295015
37.880667, -122.29489
37.881957, -122.269551
